[0, 6, 4, 7, 5, 3, 1, 2]
[0, 6, 4, 5, 7, 3, 1, 2]
[0, 4, 6, 7, 5, 3, 1, 2]
[0, 4, 6, 5, 7, 3, 1, 2]
[0, 3, 1, 7, 5, 6, 4, 2]
[0, 3, 1, 5, 7, 6, 4, 2]
[0, 3, 1, 7, 5, 4, 6, 2]
[0, 3, 1, 5, 7, 4, 6, 2]
[0, 6, 4, 7, 5, 1, 3, 2]
[0, 6, 4, 5, 7, 1, 3, 2]
[0, 4, 6, 7, 5, 1, 3, 2]
[0, 4, 6, 5, 7, 1, 3, 2]
[0, 4, 5, 1, 7, 3, 6, 2]
[0, 4, 5, 1, 3, 7, 6, 2]
[0, 4, 5, 1, 7, 3, 2, 6]
[0, 4, 5, 1, 3, 7, 2, 6]
[0, 4, 1, 5, 7, 3, 6, 2]
[0, 4, 1, 5, 3, 7, 6, 2]
[0, 4, 1, 5, 7, 3, 2, 6]
[0, 4, 1, 5, 3, 7, 2, 6]
[0, 1, 5, 4, 7, 6, 3, 2]
[0, 1, 5, 4, 6, 7, 3, 2]
[0, 1, 4, 5, 7, 6, 3, 2]
[0, 1, 4, 5, 6, 7, 3, 2]
[0, 1, 3, 7, 5, 6, 4, 2]
[0, 1, 3, 5, 7, 6, 4, 2]
[0, 1, 3, 7, 5, 4, 6, 2]
[0, 1, 3, 5, 7, 4, 6, 2]
[0, 5, 1, 7, 3, 6, 2, 4]
[0, 5, 1, 3, 7, 6, 2, 4]
[0, 5, 1, 7, 3, 2, 6, 4]
[0, 5, 1, 3, 7, 2, 6, 4]
[0, 1, 5, 7, 3, 6, 2, 4]
[0, 1, 5, 3, 7, 6, 2, 4]
[0, 1, 5, 7, 3, 2, 6, 4]
[0, 1, 5, 3, 7, 2, 6, 4]
[0, 1, 3, 2, 7, 6, 5, 4]
[0, 1, 3, 2, 6, 7, 5, 4]
[0, 1, 3, 2, 7, 6, 4, 5]
[0, 1, 3, 2, 6, 7, 4, 5]
[0, 1, 5, 4, 7, 6, 2, 3]
[0, 1, 5, 4, 6, 7, 2, 3]
[0, 1, 4, 5, 7, 6, 2, 3]
[0, 1, 4, 5, 6, 7, 2, 3]
[0, 1, 2, 3, 7, 6, 5, 4]
[0, 1, 2, 3, 6, 7, 5, 4]
[0, 1, 2, 3, 7, 6, 4, 5]
[0, 1, 2, 3, 6, 7, 4, 5]
